1 0 0
2 0 0
3 0 0
4 0 0
5 0 0
6 0 0
7 0 0
8 0 0
9 0 0
10 0 0
11 0 0
12 0 0
13 0 0
14 0 0
15 0 0
16 0 0
17 0 0
18 0 0
19 0 0
20 0 0
21 6 10
22 6 18
23 6 20
24 6 10
25 6 18
26 6 12
27 13 12
28 13 16
29 13 16
30 13 16
31 13 16
32 13 12
33 4 18
34 4 10
35 4 20
36 4 20
37 4 12
38 4 20
39 6 10
40 13 18
41 34 38
42 34 21
43 34 25
44 34 21
45 34 31
46 34 31
47 29 25
48 29 38
49 29 38
50 29 21
51 29 25
52 29 28
53 35 28
54 35 25
55 35 31
56 35 28
57 35 28
58 35 31
59 34 21
60 29 38
61 46 53
62 46 47
63 46 45
64 46 47
65 46 45
66 46 47
67 52 51
68 52 44
69 52 47
70 52 45
71 52 51
72 52 53
73 49 53
74 49 44
75 49 51
76 49 44
77 49 44
78 49 45
79 46 53
80 52 51
81 79 72
82 79 74
83 79 72
84 79 67
85 79 78
86 79 72
87 73 67
88 73 69
89 73 74
90 73 78
91 73 69
92 73 72
93 66 78
94 66 69
95 66 74
96 66 78
97 66 69
98 66 67
99 79 67
100 73 74
